S,1,1,0,1,1,1,1,1,1,2,0,0,0,1,-1,-1,-1
AH,1,200,0
AF,1,0,0,0,0,0,0,0,0,0,0,1,4,-5,1000,2000,0
AL,1,19,14,5,2,3,2,2,1,1,1,1,-7,-10,-16,-17,-14,-10,-12,-11,-8,-8,-8,50,50,100,100,100,100,100,100,100,100,100,500,500,500,500,500,500,500,500,500,500,500,1,2,-2,10000,100000,5000,0,0
AMA,0,0,0,0,0,0,0,0,0,0,0,0,0,0,0,0,0,0,0,0,0,0,0,0,0,0,0,0,0,0,0,0,0,0,0,0,0,0,0,0,0,0,0,0,0,0,0,0,0,0,0,0,0
AMB,1,1,0,0,0,0,0,0,0,0,0,0,0,0,0,0,0,0,0,0,0,0,0,0,30,50,100,100,100,100,100,100,100,100,100,500,500,500,500,500,500,500,500,500,500,500,1,0,0,10000,100000,5000,0
AMC,2,1,1,1,0,0,0,1,1,1,1,1,1,-1,-1,-1,-1,-1,-1,-1,-1,-1,-1,-1,30,50,100,100,100,100,100,100,100,100,100,500,500,500,500,500,500,500,500,500,500,500,1,1,-1,10000,100000,5000,0
AMD,3,1,1,1,0,0,0,1,1,1,1,1,1,-2,-1,-2,-2,-2,-2,-2,-2,-2,-2,-2,30,50,100,100,100,100,100,100,100,100,100,500,500,500,500,500,500,500,500,500,500,500,1,1,-1,10000,100000,5000,0
AME,4,1,2,2,0,0,0,1,1,1,1,1,1,-3,-2,-3,-3,-3,-3,-3,-2,-3,-3,-3,30,50,100,100,100,100,100,100,100,100,100,500,500,500,500,500,500,500,500,500,500,500,1,1,-1,10000,100000,5000,0
AMF,5,1,3,3,0,0,0,1,1,2,1,1,1,-3,-3,-4,-4,-4,-4,-4,-3,-3,-3,-3,30,50,100,100,100,100,100,100,100,100,100,500,500,500,500,500,500,500,500,500,500,500,1,1,-1,10000,100000,5000,0
AMG,6,1,5,5,0,0,0,2,2,2,2,2,1,-4,-4,-6,-6,-5,-5,-5,-4,-3,-3,-3,30,50,100,100,100,100,100,100,100,100,100,500,500,500,500,500,500,500,500,500,500,500,1,1,-1,10000,100000,5000,0
AMH,7,1,7,6,0,0,0,2,2,2,2,2,1,-4,-6,-8,-8,-6,-6,-6,-4,-3,-3,-3,30,50,100,100,100,100,100,100,100,100,100,500,500,500,500,500,500,500,500,500,500,500,1,1,-1,10000,100000,5000,0
AMI,8,1,8,7,0,0,0,2,2,2,2,2,2,-6,-8,-10,-10,-8,-7,-7,-5,-4,-4,-4,30,50,100,100,100,100,100,100,100,100,100,500,500,500,500,500,500,500,500,500,500,500,1,1,-1,10000,100000,5000,0
AMJ,9,1,9,8,0,0,0,2,2,2,3,2,2,-7,-9,-11,-11,-9,-7,-7,-5,-4,-4,-4,30,50,100,100,100,100,100,100,100,100,100,500,500,500,500,500,500,500,500,500,500,500,1,1,-1,10000,100000,5000,0
AMK,10,1,10,9,0,0,0,2,2,2,3,3,2,-8,-10,-12,-12,-10,-8,-7,-6,-5,-5,-5,30,50,100,100,100,100,100,100,100,100,100,500,500,500,500,500,500,500,500,500,500,500,1,2,-2,10000,100000,5000,0
AML,11,1,11,10,0,0,0,2,2,3,3,3,2,-9,-11,-13,-13,-11,-8,-8,-6,-5,-5,-6,30,50,100,100,100,100,100,100,100,100,100,500,500,500,500,500,500,500,500,500,500,500,1,2,-2,10000,100000,5000,0
AMM,12,1,9,8,2,2,1,2,2,2,2,2,1,-8,-11,-14,-14,-12,-9,-10,-9,-7,-7,-7,30,50,100,100,100,100,100,100,100,100,100,500,500,500,500,500,500,500,500,500,500,500,1,2,-2,10000,100000,5000,0
AMN,13,1,10,8,4,3,3,2,2,1,1,1,1,-8,-11,-16,-17,-14,-10,-12,-11,-8,-8,-8,30,50,100,100,100,100,100,100,100,100,100,500,500,500,500,500,500,500,500,500,500,500,1,2,-2,10000,100000,5000,0
AMO,14,1,15,11,5,3,3,2,2,1,1,1,1,-7,-10,-16,-17,-14,-10,-12,-11,-8,-8,-8,30,50,100,100,100,100,100,100,100,100,100,500,500,500,500,500,500,500,500,500,500,500,1,2,-2,10000,100000,5000,0
AMP,15,1,19,14,5,3,3,2,2,1,1,1,1,-7,-10,-16,-17,-14,-10,-12,-11,-8,-8,-8,30,50,100,100,100,100,100,100,100,100,100,500,500,500,500,500,500,500,500,500,500,500,1,5,-2,10000,100000,5000,0
AAA,912545110,-1524673381,804398289,1524673381,-643201575,-12,902312085,-1466246750,787299931,1466246750,-615870191,-12,861679872,-1192129633,719407581,1192129633,-507345629,-12,825996381,-857511026,659784047,857511026,-412038604,-12,816546559,-739262484,643994343,739262484,-386799078,-12,791738268,-191033628,602542177,191033628,-320538621,-12,970067668,1800349882,900512712,-1800349882,-796838556,-12
AAB,971899039,-878262950,859884365,878262950,-758041580,-9,967828850,-717360469,851337463,717360469,-745424489,-9,960082032,63432705,835070088,-63432705,-721410295,-9,975489756,995616553,867424434,-995616553,-769172366,-9,987422589,1295254647,892481932,-1295254647,-806162697,-9,1083485963,-2122716135,1094203331,2122716135,-1103947471,-9,1055088031,-2068812004,1034571129,2068812004,-1015917336,-9
AAC,1063742918,-1801796512,986509048,1801796512,-976510142,-2,1062981743,-1750689453,979868382,1750689453,-969108302,-2,1059784544,-1477280519,951975276,1477280519,-938017996,-2,1056750273,-1079612831,925503591,1079612831,-908512041,-2,1055919387,-925576637,918254747,925576637,-900432311,-2,1053833208,-153300257,900054435,153300257,-880145819,-2,1070360831,2088571778,1044245257,-2088571778,-1040864264,-2
AAD,1066362863,-1107639081,1009366055,1107639081,-1001987094,-2,1065991225,-945320956,1006123798,945320956,-998373199,-2,1065084149,-121467799,998210258,121467799,-989552583,-2,1065884433,891621439,1005192121,-891621439,-997334730,-2,1066648209,1213313374,1011855477,-1213313374,-1004761862,-2,1072685935,2122401730,1064530000,-2122401730,-1063474110,-2,1075869341,-2108265345,1092302773,2108265345,-1094430290,-2
AAE,952717803,-2044842141,1103163292,2048164274,-978817138,8,942703776,-2035473585,1105795865,2039393730,-970837673,8,897498941,-1991310983,1118103175,1998621312,-934549963,8,845576505,-1936492955,1133165466,1949207644,-892285457,8,827967957,-1916817021,1138519164,1931765059,-877797259,8,750982297,-1823479246,1163580690,1850890571,-813409838,8,531272098,-1464227078,1256119095,1561482160,-616394288,8
AAF,1084962256,-2047347541,1008124248,2047347541,-1019344680,3,1085911201,-2034455035,1002574779,2034455035,-1014744156,3,1090215710,-1966421123,977401818,1966421123,-993875705,3,1095173158,-1866906520,948410448,1866906520,-969841782,3,1096848939,-1827547625,938610407,1827547625,-961717522,3,1104059846,-1618438947,896440712,1618438947,-926758733,3,1120806533,-593099990,798505355,593099990,-845570064,3
AAG,0,0,0,0,0,0,0,0,0,0,0,0,0,0,0,0,0,0,0,0,0,0,0,0,0,0,0,0,0,0,0,0,0,0,0,0,0,0,0,0,0,0
AAH,0,0,0,0,0,0,0,0,0,0,0,0,0,0,0,0,0,0,0,0,0,0,0,0,0,0,0,0,0,0,0,0,0,0,0,0,0,0,0,0,0,0
AAM,1,1,1,1,1,1,0,0
AAU,1
ABA,3650,1000,-12
ABB,8180,1140,-9
ABC,3800,600,-2
ABD,7700,500,-2
ABE,500,999999,8
ABF,1600,400,3
ABG,700,200,-1
ABH,700,200,-1
ACA,912545110,-1524673381,804398289,1524673381,-643201575,-12,902312085,-1466246750,787299931,1466246750,-615870191,-12,861679872,-1192129633,719407581,1192129633,-507345629,-12,825996381,-857511026,659784047,857511026,-412038604,-12,816546559,-739262484,643994343,739262484,-386799078,-12,791738268,-191033628,602542177,191033628,-320538621,-12,970067668,1800349882,900512712,-1800349882,-796838556,-12
ACB,971899039,-878262950,859884365,878262950,-758041580,-9,967828850,-717360469,851337463,717360469,-745424489,-9,960082032,63432705,835070088,-63432705,-721410295,-9,975489756,995616553,867424434,-995616553,-769172366,-9,987422589,1295254647,892481932,-1295254647,-806162697,-9,1083485963,-2122716135,1094203331,2122716135,-1103947471,-9,1055088031,-2068812004,1034571129,2068812004,-1015917336,-9
ACC,1063742918,-1801796512,986509048,1801796512,-976510142,-2,1062981743,-1750689453,979868382,1750689453,-969108302,-2,1059784544,-1477280519,951975276,1477280519,-938017996,-2,1056750273,-1079612831,925503591,1079612831,-908512041,-2,1055919387,-925576637,918254747,925576637,-900432311,-2,1053833208,-153300257,900054435,153300257,-880145819,-2,1070360831,2088571778,1044245257,-2088571778,-1040864264,-2
ACD,1066362863,-1107639081,1009366055,1107639081,-1001987094,-2,1065991225,-945320956,1006123798,945320956,-998373199,-2,1065084149,-121467799,998210258,121467799,-989552583,-2,1065884433,891621439,1005192121,-891621439,-997334730,-2,1066648209,1213313374,1011855477,-1213313374,-1004761862,-2,1072685935,2122401730,1064530000,-2122401730,-1063474110,-2,1075869341,-2108265345,1092302773,2108265345,-1094430290,-2
ACE,952717803,-2044842141,1103163292,2048164274,-978817138,8,942703776,-2035473585,1105795865,2039393730,-970837673,8,897498941,-1991310983,1118103175,1998621312,-934549963,8,845576505,-1936492955,1133165466,1949207644,-892285457,8,827967957,-1916817021,1138519164,1931765059,-877797259,8,750982297,-1823479246,1163580690,1850890571,-813409838,8,531272098,-1464227078,1256119095,1561482160,-616394288,8
ACF,1084962256,-2047347541,1008124248,2047347541,-1019344680,3,1085911201,-2034455035,1002574779,2034455035,-1014744156,3,1090215710,-1966421123,977401818,1966421123,-993875705,3,1095173158,-1866906520,948410448,1866906520,-969841782,3,1096848939,-1827547625,938610407,1827547625,-961717522,3,1104059846,-1618438947,896440712,1618438947,-926758733,3,1120806533,-593099990,798505355,593099990,-845570064,3
ACG,0,0,0,0,0,0,0,0,0,0,0,0,0,0,0,0,0,0,0,0,0,0,0,0,0,0,0,0,0,0,0,0,0,0,0,0,0,0,0,0,0,0
ACH,0,0,0,0,0,0,0,0,0,0,0,0,0,0,0,0,0,0,0,0,0,0,0,0,0,0,0,0,0,0,0,0,0,0,0,0,0,0,0,0,0,0
ACM,1,1,1,1,1,1,0,0
ACU,1
ADA,3650,1000,-12
ADB,8180,1140,-9
ADC,3800,600,-2
ADD,7700,500,-2
ADE,500,999999,8
ADF,1600,400,3
ADG,700,200,-1
ADH,700,200,-1
BH,0,100,0
BF,0,0,0,0,0,0,0,0,0,0,0,0,4,-5,1000,2000,0
BL,0,0,0,0,0,0,0,0,0,0,0,0,0,0,0,0,0,0,0,0,0,0,0,0,0,0,0,0,0,0,0,0,0,0,0,0,0,0,0,0,0,0,0,0,0,0,0,0,0,0,0,0,0
BMA,0,0,0,0,0,0,0,0,0,0,0,0,0,0,0,0,0,0,0,0,0,0,0,0,0,0,0,0,0,0,0,0,0,0,0,0,0,0,0,0,0,0,0,0,0,0,0,0,0,0,0,0,0
BMB,1,0,0,0,0,0,0,0,0,0,0,0,0,0,0,0,0,0,0,0,0,0,0,0,0,0,0,0,0,0,0,0,0,0,0,0,0,0,0,0,0,0,0,0,0,0,0,0,0,0,0,0,0
BMC,2,0,0,0,0,0,0,0,0,0,0,0,0,0,0,0,0,0,0,0,0,0,0,0,0,0,0,0,0,0,0,0,0,0,0,0,0,0,0,0,0,0,0,0,0,0,0,0,0,0,0,0,0
BMD,3,0,0,0,0,0,0,0,0,0,0,0,0,0,0,0,0,0,0,0,0,0,0,0,0,0,0,0,0,0,0,0,0,0,0,0,0,0,0,0,0,0,0,0,0,0,0,0,0,0,0,0,0
BME,4,0,0,0,0,0,0,0,0,0,0,0,0,0,0,0,0,0,0,0,0,0,0,0,0,0,0,0,0,0,0,0,0,0,0,0,0,0,0,0,0,0,0,0,0,0,0,0,0,0,0,0,0
BMF,5,0,0,0,0,0,0,0,0,0,0,0,0,0,0,0,0,0,0,0,0,0,0,0,0,0,0,0,0,0,0,0,0,0,0,0,0,0,0,0,0,0,0,0,0,0,0,0,0,0,0,0,0
BMG,6,0,0,0,0,0,0,0,0,0,0,0,0,0,0,0,0,0,0,0,0,0,0,0,0,0,0,0,0,0,0,0,0,0,0,0,0,0,0,0,0,0,0,0,0,0,0,0,0,0,0,0,0
BMH,7,0,0,0,0,0,0,0,0,0,0,0,0,0,0,0,0,0,0,0,0,0,0,0,0,0,0,0,0,0,0,0,0,0,0,0,0,0,0,0,0,0,0,0,0,0,0,0,0,0,0,0,0
BMI,8,0,0,0,0,0,0,0,0,0,0,0,0,0,0,0,0,0,0,0,0,0,0,0,0,0,0,0,0,0,0,0,0,0,0,0,0,0,0,0,0,0,0,0,0,0,0,0,0,0,0,0,0
BMJ,9,0,0,0,0,0,0,0,0,0,0,0,0,0,0,0,0,0,0,0,0,0,0,0,0,0,0,0,0,0,0,0,0,0,0,0,0,0,0,0,0,0,0,0,0,0,0,0,0,0,0,0,0
BMK,10,0,0,0,0,0,0,0,0,0,0,0,0,0,0,0,0,0,0,0,0,0,0,0,0,0,0,0,0,0,0,0,0,0,0,0,0,0,0,0,0,0,0,0,0,0,0,0,0,0,0,0,0
BML,11,0,0,0,0,0,0,0,0,0,0,0,0,0,0,0,0,0,0,0,0,0,0,0,0,0,0,0,0,0,0,0,0,0,0,0,0,0,0,0,0,0,0,0,0,0,0,0,0,0,0,0,0
BMM,12,0,0,0,0,0,0,0,0,0,0,0,0,0,0,0,0,0,0,0,0,0,0,0,0,0,0,0,0,0,0,0,0,0,0,0,0,0,0,0,0,0,0,0,0,0,0,0,0,0,0,0,0
BMN,13,0,0,0,0,0,0,0,0,0,0,0,0,0,0,0,0,0,0,0,0,0,0,0,0,0,0,0,0,0,0,0,0,0,0,0,0,0,0,0,0,0,0,0,0,0,0,0,0,0,0,0,0
BMO,14,0,0,0,0,0,0,0,0,0,0,0,0,0,0,0,0,0,0,0,0,0,0,0,0,0,0,0,0,0,0,0,0,0,0,0,0,0,0,0,0,0,0,0,0,0,0,0,0,0,0,0,0
BMP,15,0,0,0,0,0,0,0,0,0,0,0,0,0,0,0,0,0,0,0,0,0,0,0,0,0,0,0,0,0,0,0,0,0,0,0,0,0,0,0,0,0,0,0,0,0,0,0,0,0,0,0,0
BAA,0,0,0,0,0,0,0,0,0,0,0,0,0,0,0,0,0,0,0,0,0,0,0,0,0,0,0,0,0,0,0,0,0,0,0,0,0,0,0,0,0,0
BAB,0,0,0,0,0,0,0,0,0,0,0,0,0,0,0,0,0,0,0,0,0,0,0,0,0,0,0,0,0,0,0,0,0,0,0,0,0,0,0,0,0,0
BAC,0,0,0,0,0,0,0,0,0,0,0,0,0,0,0,0,0,0,0,0,0,0,0,0,0,0,0,0,0,0,0,0,0,0,0,0,0,0,0,0,0,0
BAD,0,0,0,0,0,0,0,0,0,0,0,0,0,0,0,0,0,0,0,0,0,0,0,0,0,0,0,0,0,0,0,0,0,0,0,0,0,0,0,0,0,0
BAE,0,0,0,0,0,0,0,0,0,0,0,0,0,0,0,0,0,0,0,0,0,0,0,0,0,0,0,0,0,0,0,0,0,0,0,0,0,0,0,0,0,0
BAF,0,0,0,0,0,0,0,0,0,0,0,0,0,0,0,0,0,0,0,0,0,0,0,0,0,0,0,0,0,0,0,0,0,0,0,0,0,0,0,0,0,0
BAG,0,0,0,0,0,0,0,0,0,0,0,0,0,0,0,0,0,0,0,0,0,0,0,0,0,0,0,0,0,0,0,0,0,0,0,0,0,0,0,0,0,0
BAH,0,0,0,0,0,0,0,0,0,0,0,0,0,0,0,0,0,0,0,0,0,0,0,0,0,0,0,0,0,0,0,0,0,0,0,0,0,0,0,0,0,0
BAM,0,0,0,0,0,0,0,0
BAU,0
BBA,700,200,-1
BBB,700,200,-1
BBC,700,200,-1
BBD,700,200,-1
BBE,700,200,-1
BBF,700,200,-1
BBG,700,200,-1
BBH,700,200,-1
BCA,0,0,0,0,0,0,0,0,0,0,0,0,0,0,0,0,0,0,0,0,0,0,0,0,0,0,0,0,0,0,0,0,0,0,0,0,0,0,0,0,0,0
BCB,0,0,0,0,0,0,0,0,0,0,0,0,0,0,0,0,0,0,0,0,0,0,0,0,0,0,0,0,0,0,0,0,0,0,0,0,0,0,0,0,0,0
BCC,0,0,0,0,0,0,0,0,0,0,0,0,0,0,0,0,0,0,0,0,0,0,0,0,0,0,0,0,0,0,0,0,0,0,0,0,0,0,0,0,0,0
BCD,0,0,0,0,0,0,0,0,0,0,0,0,0,0,0,0,0,0,0,0,0,0,0,0,0,0,0,0,0,0,0,0,0,0,0,0,0,0,0,0,0,0
BCE,0,0,0,0,0,0,0,0,0,0,0,0,0,0,0,0,0,0,0,0,0,0,0,0,0,0,0,0,0,0,0,0,0,0,0,0,0,0,0,0,0,0
BCF,0,0,0,0,0,0,0,0,0,0,0,0,0,0,0,0,0,0,0,0,0,0,0,0,0,0,0,0,0,0,0,0,0,0,0,0,0,0,0,0,0,0
BCG,0,0,0,0,0,0,0,0,0,0,0,0,0,0,0,0,0,0,0,0,0,0,0,0,0,0,0,0,0,0,0,0,0,0,0,0,0,0,0,0,0,0
BCH,0,0,0,0,0,0,0,0,0,0,0,0,0,0,0,0,0,0,0,0,0,0,0,0,0,0,0,0,0,0,0,0,0,0,0,0,0,0,0,0,0,0
BCM,0,0,0,0,0,0,0,0
BCU,0
BDA,700,200,-1
BDB,700,200,-1
BDC,700,200,-1
BDD,700,200,-1
BDE,700,200,-1
BDF,700,200,-1
BDG,700,200,-1
BDH,700,200,-1
CH,0,100,0
CF,0,0,0,0,0,0,0,0,0,0,0,0,4,-5,1000,2000,0
CL,0,0,0,0,0,0,0,0,0,0,0,0,0,0,0,0,0,0,0,0,0,0,0,0,0,0,0,0,0,0,0,0,0,0,0,0,0,0,0,0,0,0,0,0,0,0,0,0,0,0,0,0,0
CMA,0,0,0,0,0,0,0,0,0,0,0,0,0,0,0,0,0,0,0,0,0,0,0,0,0,0,0,0,0,0,0,0,0,0,0,0,0,0,0,0,0,0,0,0,0,0,0,0,0,0,0,0,0
CMB,1,0,0,0,0,0,0,0,0,0,0,0,0,0,0,0,0,0,0,0,0,0,0,0,0,0,0,0,0,0,0,0,0,0,0,0,0,0,0,0,0,0,0,0,0,0,0,0,0,0,0,0,0
CMC,2,0,0,0,0,0,0,0,0,0,0,0,0,0,0,0,0,0,0,0,0,0,0,0,0,0,0,0,0,0,0,0,0,0,0,0,0,0,0,0,0,0,0,0,0,0,0,0,0,0,0,0,0
CMD,3,0,0,0,0,0,0,0,0,0,0,0,0,0,0,0,0,0,0,0,0,0,0,0,0,0,0,0,0,0,0,0,0,0,0,0,0,0,0,0,0,0,0,0,0,0,0,0,0,0,0,0,0
CME,4,0,0,0,0,0,0,0,0,0,0,0,0,0,0,0,0,0,0,0,0,0,0,0,0,0,0,0,0,0,0,0,0,0,0,0,0,0,0,0,0,0,0,0,0,0,0,0,0,0,0,0,0
CMF,5,0,0,0,0,0,0,0,0,0,0,0,0,0,0,0,0,0,0,0,0,0,0,0,0,0,0,0,0,0,0,0,0,0,0,0,0,0,0,0,0,0,0,0,0,0,0,0,0,0,0,0,0
CMG,6,0,0,0,0,0,0,0,0,0,0,0,0,0,0,0,0,0,0,0,0,0,0,0,0,0,0,0,0,0,0,0,0,0,0,0,0,0,0,0,0,0,0,0,0,0,0,0,0,0,0,0,0
CMH,7,0,0,0,0,0,0,0,0,0,0,0,0,0,0,0,0,0,0,0,0,0,0,0,0,0,0,0,0,0,0,0,0,0,0,0,0,0,0,0,0,0,0,0,0,0,0,0,0,0,0,0,0
CMI,8,0,0,0,0,0,0,0,0,0,0,0,0,0,0,0,0,0,0,0,0,0,0,0,0,0,0,0,0,0,0,0,0,0,0,0,0,0,0,0,0,0,0,0,0,0,0,0,0,0,0,0,0
CMJ,9,0,0,0,0,0,0,0,0,0,0,0,0,0,0,0,0,0,0,0,0,0,0,0,0,0,0,0,0,0,0,0,0,0,0,0,0,0,0,0,0,0,0,0,0,0,0,0,0,0,0,0,0
CMK,10,0,0,0,0,0,0,0,0,0,0,0,0,0,0,0,0,0,0,0,0,0,0,0,0,0,0,0,0,0,0,0,0,0,0,0,0,0,0,0,0,0,0,0,0,0,0,0,0,0,0,0,0
CML,11,0,0,0,0,0,0,0,0,0,0,0,0,0,0,0,0,0,0,0,0,0,0,0,0,0,0,0,0,0,0,0,0,0,0,0,0,0,0,0,0,0,0,0,0,0,0,0,0,0,0,0,0
CMM,12,0,0,0,0,0,0,0,0,0,0,0,0,0,0,0,0,0,0,0,0,0,0,0,0,0,0,0,0,0,0,0,0,0,0,0,0,0,0,0,0,0,0,0,0,0,0,0,0,0,0,0,0
CMN,13,0,0,0,0,0,0,0,0,0,0,0,0,0,0,0,0,0,0,0,0,0,0,0,0,0,0,0,0,0,0,0,0,0,0,0,0,0,0,0,0,0,0,0,0,0,0,0,0,0,0,0,0
CMO,14,0,0,0,0,0,0,0,0,0,0,0,0,0,0,0,0,0,0,0,0,0,0,0,0,0,0,0,0,0,0,0,0,0,0,0,0,0,0,0,0,0,0,0,0,0,0,0,0,0,0,0,0
CMP,15,0,0,0,0,0,0,0,0,0,0,0,0,0,0,0,0,0,0,0,0,0,0,0,0,0,0,0,0,0,0,0,0,0,0,0,0,0,0,0,0,0,0,0,0,0,0,0,0,0,0,0,0
CAA,0,0,0,0,0,0,0,0,0,0,0,0,0,0,0,0,0,0,0,0,0,0,0,0,0,0,0,0,0,0,0,0,0,0,0,0,0,0,0,0,0,0
CAB,0,0,0,0,0,0,0,0,0,0,0,0,0,0,0,0,0,0,0,0,0,0,0,0,0,0,0,0,0,0,0,0,0,0,0,0,0,0,0,0,0,0
CAC,0,0,0,0,0,0,0,0,0,0,0,0,0,0,0,0,0,0,0,0,0,0,0,0,0,0,0,0,0,0,0,0,0,0,0,0,0,0,0,0,0,0
CAD,0,0,0,0,0,0,0,0,0,0,0,0,0,0,0,0,0,0,0,0,0,0,0,0,0,0,0,0,0,0,0,0,0,0,0,0,0,0,0,0,0,0
CAE,0,0,0,0,0,0,0,0,0,0,0,0,0,0,0,0,0,0,0,0,0,0,0,0,0,0,0,0,0,0,0,0,0,0,0,0,0,0,0,0,0,0
CAF,0,0,0,0,0,0,0,0,0,0,0,0,0,0,0,0,0,0,0,0,0,0,0,0,0,0,0,0,0,0,0,0,0,0,0,0,0,0,0,0,0,0
CAG,0,0,0,0,0,0,0,0,0,0,0,0,0,0,0,0,0,0,0,0,0,0,0,0,0,0,0,0,0,0,0,0,0,0,0,0,0,0,0,0,0,0
CAH,0,0,0,0,0,0,0,0,0,0,0,0,0,0,0,0,0,0,0,0,0,0,0,0,0,0,0,0,0,0,0,0,0,0,0,0,0,0,0,0,0,0
CAM,0,0,0,0,0,0,0,0
CAU,0
CBA,700,200,-1
CBB,700,200,-1
CBC,700,200,-1
CBD,700,200,-1
CBE,700,200,-1
CBF,700,200,-1
CBG,700,200,-1
CBH,700,200,-1
CCA,0,0,0,0,0,0,0,0,0,0,0,0,0,0,0,0,0,0,0,0,0,0,0,0,0,0,0,0,0,0,0,0,0,0,0,0,0,0,0,0,0,0
CCB,0,0,0,0,0,0,0,0,0,0,0,0,0,0,0,0,0,0,0,0,0,0,0,0,0,0,0,0,0,0,0,0,0,0,0,0,0,0,0,0,0,0
CCC,0,0,0,0,0,0,0,0,0,0,0,0,0,0,0,0,0,0,0,0,0,0,0,0,0,0,0,0,0,0,0,0,0,0,0,0,0,0,0,0,0,0
CCD,0,0,0,0,0,0,0,0,0,0,0,0,0,0,0,0,0,0,0,0,0,0,0,0,0,0,0,0,0,0,0,0,0,0,0,0,0,0,0,0,0,0
CCE,0,0,0,0,0,0,0,0,0,0,0,0,0,0,0,0,0,0,0,0,0,0,0,0,0,0,0,0,0,0,0,0,0,0,0,0,0,0,0,0,0,0
CCF,0,0,0,0,0,0,0,0,0,0,0,0,0,0,0,0,0,0,0,0,0,0,0,0,0,0,0,0,0,0,0,0,0,0,0,0,0,0,0,0,0,0
CCG,0,0,0,0,0,0,0,0,0,0,0,0,0,0,0,0,0,0,0,0,0,0,0,0,0,0,0,0,0,0,0,0,0,0,0,0,0,0,0,0,0,0
CCH,0,0,0,0,0,0,0,0,0,0,0,0,0,0,0,0,0,0,0,0,0,0,0,0,0,0,0,0,0,0,0,0,0,0,0,0,0,0,0,0,0,0
CCM,0,0,0,0,0,0,0,0
CCU,0
CDA,700,200,-1
CDB,700,200,-1
CDC,700,200,-1
CDD,700,200,-1
CDE,700,200,-1
CDF,700,200,-1
CDG,700,200,-1
CDH,700,200,-1
DH,0,100,0
DF,0,0,0,0,0,0,0,0,0,0,0,0,4,-5,1000,2000,0
DL,0,0,0,0,0,0,0,0,0,0,0,0,0,0,0,0,0,0,0,0,0,0,0,0,0,0,0,0,0,0,0,0,0,0,0,0,0,0,0,0,0,0,0,0,0,0,0,0,0,0,0,0,0
DMA,0,0,0,0,0,0,0,0,0,0,0,0,0,0,0,0,0,0,0,0,0,0,0,0,0,0,0,0,0,0,0,0,0,0,0,0,0,0,0,0,0,0,0,0,0,0,0,0,0,0,0,0,0
DMB,1,0,0,0,0,0,0,0,0,0,0,0,0,0,0,0,0,0,0,0,0,0,0,0,0,0,0,0,0,0,0,0,0,0,0,0,0,0,0,0,0,0,0,0,0,0,0,0,0,0,0,0,0
DMC,2,0,0,0,0,0,0,0,0,0,0,0,0,0,0,0,0,0,0,0,0,0,0,0,0,0,0,0,0,0,0,0,0,0,0,0,0,0,0,0,0,0,0,0,0,0,0,0,0,0,0,0,0
DMD,3,0,0,0,0,0,0,0,0,0,0,0,0,0,0,0,0,0,0,0,0,0,0,0,0,0,0,0,0,0,0,0,0,0,0,0,0,0,0,0,0,0,0,0,0,0,0,0,0,0,0,0,0
DME,4,0,0,0,0,0,0,0,0,0,0,0,0,0,0,0,0,0,0,0,0,0,0,0,0,0,0,0,0,0,0,0,0,0,0,0,0,0,0,0,0,0,0,0,0,0,0,0,0,0,0,0,0
DMF,5,0,0,0,0,0,0,0,0,0,0,0,0,0,0,0,0,0,0,0,0,0,0,0,0,0,0,0,0,0,0,0,0,0,0,0,0,0,0,0,0,0,0,0,0,0,0,0,0,0,0,0,0
DMG,6,0,0,0,0,0,0,0,0,0,0,0,0,0,0,0,0,0,0,0,0,0,0,0,0,0,0,0,0,0,0,0,0,0,0,0,0,0,0,0,0,0,0,0,0,0,0,0,0,0,0,0,0
DMH,7,0,0,0,0,0,0,0,0,0,0,0,0,0,0,0,0,0,0,0,0,0,0,0,0,0,0,0,0,0,0,0,0,0,0,0,0,0,0,0,0,0,0,0,0,0,0,0,0,0,0,0,0
DMI,8,0,0,0,0,0,0,0,0,0,0,0,0,0,0,0,0,0,0,0,0,0,0,0,0,0,0,0,0,0,0,0,0,0,0,0,0,0,0,0,0,0,0,0,0,0,0,0,0,0,0,0,0
DMJ,9,0,0,0,0,0,0,0,0,0,0,0,0,0,0,0,0,0,0,0,0,0,0,0,0,0,0,0,0,0,0,0,0,0,0,0,0,0,0,0,0,0,0,0,0,0,0,0,0,0,0,0,0
DMK,10,0,0,0,0,0,0,0,0,0,0,0,0,0,0,0,0,0,0,0,0,0,0,0,0,0,0,0,0,0,0,0,0,0,0,0,0,0,0,0,0,0,0,0,0,0,0,0,0,0,0,0,0
DML,11,0,0,0,0,0,0,0,0,0,0,0,0,0,0,0,0,0,0,0,0,0,0,0,0,0,0,0,0,0,0,0,0,0,0,0,0,0,0,0,0,0,0,0,0,0,0,0,0,0,0,0,0
DMM,12,0,0,0,0,0,0,0,0,0,0,0,0,0,0,0,0,0,0,0,0,0,0,0,0,0,0,0,0,0,0,0,0,0,0,0,0,0,0,0,0,0,0,0,0,0,0,0,0,0,0,0,0
DMN,13,0,0,0,0,0,0,0,0,0,0,0,0,0,0,0,0,0,0,0,0,0,0,0,0,0,0,0,0,0,0,0,0,0,0,0,0,0,0,0,0,0,0,0,0,0,0,0,0,0,0,0,0
DMO,14,0,0,0,0,0,0,0,0,0,0,0,0,0,0,0,0,0,0,0,0,0,0,0,0,0,0,0,0,0,0,0,0,0,0,0,0,0,0,0,0,0,0,0,0,0,0,0,0,0,0,0,0
DMP,15,0,0,0,0,0,0,0,0,0,0,0,0,0,0,0,0,0,0,0,0,0,0,0,0,0,0,0,0,0,0,0,0,0,0,0,0,0,0,0,0,0,0,0,0,0,0,0,0,0,0,0,0
DAA,0,0,0,0,0,0,0,0,0,0,0,0,0,0,0,0,0,0,0,0,0,0,0,0,0,0,0,0,0,0,0,0,0,0,0,0,0,0,0,0,0,0
DAB,0,0,0,0,0,0,0,0,0,0,0,0,0,0,0,0,0,0,0,0,0,0,0,0,0,0,0,0,0,0,0,0,0,0,0,0,0,0,0,0,0,0
DAC,0,0,0,0,0,0,0,0,0,0,0,0,0,0,0,0,0,0,0,0,0,0,0,0,0,0,0,0,0,0,0,0,0,0,0,0,0,0,0,0,0,0
DAD,0,0,0,0,0,0,0,0,0,0,0,0,0,0,0,0,0,0,0,0,0,0,0,0,0,0,0,0,0,0,0,0,0,0,0,0,0,0,0,0,0,0
DAE,0,0,0,0,0,0,0,0,0,0,0,0,0,0,0,0,0,0,0,0,0,0,0,0,0,0,0,0,0,0,0,0,0,0,0,0,0,0,0,0,0,0
DAF,0,0,0,0,0,0,0,0,0,0,0,0,0,0,0,0,0,0,0,0,0,0,0,0,0,0,0,0,0,0,0,0,0,0,0,0,0,0,0,0,0,0
DAG,0,0,0,0,0,0,0,0,0,0,0,0,0,0,0,0,0,0,0,0,0,0,0,0,0,0,0,0,0,0,0,0,0,0,0,0,0,0,0,0,0,0
DAH,0,0,0,0,0,0,0,0,0,0,0,0,0,0,0,0,0,0,0,0,0,0,0,0,0,0,0,0,0,0,0,0,0,0,0,0,0,0,0,0,0,0
DAM,0,0,0,0,0,0,0,0
DAU,0
DBA,700,200,-1
DBB,700,200,-1
DBC,700,200,-1
DBD,700,200,-1
DBE,700,200,-1
DBF,700,200,-1
DBG,700,200,-1
DBH,700,200,-1
DCA,0,0,0,0,0,0,0,0,0,0,0,0,0,0,0,0,0,0,0,0,0,0,0,0,0,0,0,0,0,0,0,0,0,0,0,0,0,0,0,0,0,0
DCB,0,0,0,0,0,0,0,0,0,0,0,0,0,0,0,0,0,0,0,0,0,0,0,0,0,0,0,0,0,0,0,0,0,0,0,0,0,0,0,0,0,0
DCC,0,0,0,0,0,0,0,0,0,0,0,0,0,0,0,0,0,0,0,0,0,0,0,0,0,0,0,0,0,0,0,0,0,0,0,0,0,0,0,0,0,0
DCD,0,0,0,0,0,0,0,0,0,0,0,0,0,0,0,0,0,0,0,0,0,0,0,0,0,0,0,0,0,0,0,0,0,0,0,0,0,0,0,0,0,0
DCE,0,0,0,0,0,0,0,0,0,0,0,0,0,0,0,0,0,0,0,0,0,0,0,0,0,0,0,0,0,0,0,0,0,0,0,0,0,0,0,0,0,0
DCF,0,0,0,0,0,0,0,0,0,0,0,0,0,0,0,0,0,0,0,0,0,0,0,0,0,0,0,0,0,0,0,0,0,0,0,0,0,0,0,0,0,0
DCG,0,0,0,0,0,0,0,0,0,0,0,0,0,0,0,0,0,0,0,0,0,0,0,0,0,0,0,0,0,0,0,0,0,0,0,0,0,0,0,0,0,0
DCH,0,0,0,0,0,0,0,0,0,0,0,0,0,0,0,0,0,0,0,0,0,0,0,0,0,0,0,0,0,0,0,0,0,0,0,0,0,0,0,0,0,0
DCM,0,0,0,0,0,0,0,0
DCU,0
DDA,700,200,-1
DDB,700,200,-1
DDC,700,200,-1
DDD,700,200,-1
DDE,700,200,-1
DDF,700,200,-1
DDG,700,200,-1
DDH,700,200,-1
